4
8
9
11.5
10.5
12
18
17.5
12
10.5
11.5
1
11
7
12
8
8
13
10
16.5
15.5
9.5
9.5
14.5
14
17.5
12.5
9
13
14
12
15
11.5
15.5
13
12
8
14.5
10.5
13
10
12.5
10.5
14.5
13.5
12
13
7
9.5
9
16.5
13
12.5
1.5
11
11
11
9.5
9.5
14.5
8.5
14
11
12
3
8.5
11
9.5
11
7
11.5
11.5
17.5
16.5
1.5
10.5
10
10
4
13
14
9
13
8
13
13.5
6
6
12.5
11.5
10
11
10
14
8.5
12
10
8.5
13
9.5
12
13.5
11
2
14
17.5
2.5
14.5
14
18
11.5
10
10.5
13
11
9.5
14.5
14
10
13
12.5
12.5
8.5
3
13.5